0604419
0604429
1483539
1412619
1108329
1479880
1264144
1423360
1415083
1415082
1264144
1233304
1238039
1108353
1483543
1506927
1395559
1513691
0643526
1409344
1503145
1531151
0601344
1107264
1530253
1483543
1328948
1480019
1500594
0601450
1234348
1519110
1546516
1495003
1412961
1412960
1423279
0604419
1513744
0000483
0126046
1489679
0623454
0643532
1168120
1558282
1409345
0000483
1513692
1500595
1512198
0643527
1413839
1525276
1412961
0620094
0604419
0643526
0121414
1108689
0602035
1513058
1496814
0100006
1412618
1108130
0600163
1109688
1108669
0604428
1108668
0128108
1108352
0000483
1108328
1415081
1415084
0121408
1483543
1234348
1111151
1108668
0601541
0000483
1509332
1578871
1513036
1495536
0121408
0121415
1274896
1502635
1499299
0128082
0000483
1106849
1520081
1320827
0128105
0643600
1469626
1513059
1233304
0603890
0602035
0643527
1109688
1108669
1108667
0643601
1108667
1320827
1108329
1412618
1264144
1546516
1483543
0000483
0643532
1415084
1234348
0623454
1531151
1469626
1513744
1412961
1423279
1412619
1264144
1479880
1513691
1108353
1107264
1233304
1412961
0604419
1464933
0000483
1106849
1495003
1530253
0604419
1496814
0121415
1409344
0000483
0128105
0601450
0602035
0604419
0128082
0643527
0121408
0000483
1499299
1233304
1415083
1423360
1395559
1500595
1513059
0601344
0620094
1513692
1480019
1520081
0643526
1108328
1108352
1512198
1108689
1108669
0600163
0643527
0100006
1483539
0643601
1109688
1409345
1483543
1519110
0603890
1413839
1234348
1274896
0121408
0604429
1525276
1108667
1238039
0643600
0121414
1108668
1558282
1495536
1509332
1108130
0128108
1415082
1500594
1489679
1328948
0126046
0643526
1506927
1502635
1412960
1108668
1109688
1108667
1108669
0602035
1415081
1513036
0000483
1513058
1503145
1168120
1111151
1483543
1578871
0601541
0604428
1238039
1483543
1108668
1108669
1108667
0643601
0643600
0643532
0643526
0643527
0604429
1412618
1412619
0121408
1264144
0000483
1233304
1109688
1483539
1423279
1423360
1234348
1108667
0643526
1415083
1415084
1108669
1108668
0643527
1415081
1415082
0000483
0121414
1274896
0604419
1106849
1479880
1412961
1264144
1412960
1233304
1480019
1108689
1108328
1108329
1108352
1108353
0100006
0602035
1530253
1483543
1499299
1464933
1409345
1409344
1234348
1107264
0128108
0128105
0126046
0000483
0604419
0121415
1109688
1525276
1503145
1320827
0601344
1546516
0602035
1513744
1513692
1513691
1513058
1513059
1519110
1531151
1509332
1469626
1502635
0620094
1495536
1512198
1328948
0623454
1413839
1395559
1578871
1412961
1558282
1496814
1489679
1520081
0000483
0600163
1111151
0128082
1506927
1495003
1500594
1500595
1513036
0603890
1483543
0000483
0121408
0604419
0604428
1108130
1168120
0601450
0601541
1238039
1483543
1108668
1108669
1108667
0643601
0643600
0643532
0643526
0643527
0604429
1412618
1412619
0121408
1264144
0000483
1233304
1109688
1483539
1423279
1423360
1234348
1108667
0643526
1415083
1415084
1108669
1108668
0643527
1415081
1415082
0000483
0121414
1274896
0604419
1106849
1479880
1412961
1264144
1412960
1233304
1480019
1108689
1108328
1108329
1108352
1108353
0100006
0602035
1530253
1483543
1499299
1464933
1409345
1409344
1234348
1107264
0128108
0128105
0126046
0000483
0604419
0121415
1109688
1525276
1503145
1320827
0601344
1546516
0602035
1513744
1513692
1513691
1513058
1513059
1519110
1531151
1509332
1469626
1502635
0620094
1495536
1512198
1328948
0623454
1413839
1395559
1578871
1412961
1558282
1496814
1489679
1520081
0000483
0600163
1111151
0128082
1506927
1495003
1500594
1500595
1513036
0603890
1483543
0000483
0121408
0604419
0604428
1108130
1168120
0601450
0601541
